201062283456
201229751425
201115292555
201004033809
201282383783
201222302772
201222334202
201222334262
201008201453
201015673289
201005810664
201102226668
201064888500
201067580075
201211154960
201024731611
201016966669
201095239110
201008345689
201099985339
201007890011
201000019647
201000007129
201090016879
201019259558
201032110011
201220001599
201001200427
201000279859
201144169639
201070680971
201062996774
201118000456
201008004050
201019428054
201000064412
201013701105
201000106604
201003367897
201009936644
201066418877
201093482844
201014441433
201119001021
201007526190
201014242475
201120158252
201279510101
201201011125
201285300315
201066744447
201009328937
201221923474
201061701446
201006812544
201023925171
201008611118
201060219708
201003422105
201005009664
201006902563
201207333192
201016662216
201222245424
201200063117
201554850137
201010529529
201223223848
201095399358
201127380086
201116662128
201000147600
201223381402
201097773336
201007212566
201090524281
201062428500
201030006123
201129388813
201002887071
201015870706
201113985555
201005723627
201003258851
201097737737
201005649783
201005003161
201005003161
201022155129
201112265466
201006530347
201005407999
201027479912
201008644202
201276555712
201114774775
201110129000
201095553665
201273759944
201006146047
201222136259
201272207799
201006718384
201063335590
201004476464
201095995661
201002500388
201027731588
201017188807
201000847150
201090904075
201006873571
201283643323
201006123111
201280124362
201225696444
201020004571
201011817582
201554263166
201030780904
201118420631
201004061246
201011884441
201018237520
201007221169
201228050803
201200017788
201090011880
201000005960
201063662412
201274261549
201212193540
201015930831
201061430034
201005666991
201228648258
201201175399
201225300800
201090154441
201033808029
201117505000
201066601119
201202002484
201030501065
201001787902
201119394444
201227020341
201001839943
201092814610
201147711151
201122022033
201200038413
201062513926
201011531331
201122700117
201115999063
201125188711
201222422994
201063029287
201005478558
201206661820
201271197989
201001930121
201012161557
201150000711
201005625450
201002726222
201118012038
201023987430
201551964833
201029701602
201140987772
201012707666
201224620071
201064333533
201027307400
201008078586
201005770079
201222174104
201008196198
201201600200
201099809610
201099990215
201065857104
201019940073
201114356196
201012214133
201001173775
201221019104
201223436796
201001698801
201277088899
201006254444
201003495356
201024527436
201065670173
201000753381
201003007616
201020334866
201011195206
201027289851
201210609092
201020777728
201019188278
201100460406
201223405486
201275744411
201005845808
201272665252
201006666517
201063080111
201002008291
201277768882
201115554733
201119006789
201065358716
201110126400
201110126404
201061337998
201007350313
201002209820
201065216720
201093505034
201009518888
201066061919
201010319937
201027952714
201094405740
201221775007
201010034092
201220053500
201005672221
201276547353
201061062592
201063137857
201033351203
201019442649
201155000705
201021998622
201009842303
201212110885
201000555516
201003229925
201008327565
201200004122
201050044060
201023135858
201065541270
201000496256
201050644441
201274971199
201211062566
201066917758
201554988880
201222214404
201060537794
201154652267
201005003173
201015050510
201030404693
201001489574
201026252772
201000088734
201000318736
201220438308
201128461125
201126667222
201147774111
201090805858
201060150680
201115055385
201000035598
201065082692
201096629162
201023943336
201117163930
201007454568
201009252678
201001790571
201005440401
201019428484
201092971734
201099250288
201111129099
201009529561
201004383043
201010764338
201281559999
201090903893
201013010138
201061615166
201066534445
201000615708
201030483481
201030483481
201222279007
201270601601
201002225556
201229238975
201558744028
201118880111
201115699128
201063435435
201150155744
201000845773
201223602015
201141392941
201090006441
201224416955
201007742522
201030701019
201008486261
201119062350
201223148141
201207756604
201203900005
201225228599
201225228599
201283345786
201061989393
201113355690
201017188807
201004246662
201282801080
201000872850
201208111211
201006662623
201150818164
201010365212
201551036262
201066777357
201221616765
201006105476
201112666095
201007640713
201150723738
201033557099
201117642171
201010987718
201146794232
201093482844
201113152228
201111157506
201111586122
201090885524
201122461038
201120511757
201012249882
201111124624
201009440256
201002674495
201147144925
201006244343
201227942735
201212288856
201278763340
201117072277
201001036800
201223803507
201007892788
201033876473
201117505579
201111177751
201012203366
201001559949
201097778916
201067799533
201225638441
201006538446
201111428800
201204010451
201111428800
201227900533
201033330113
201228223205
201271227787
201220019170
201211210664
201202655638
201226333260
201222130973
201000650965
201208542019
201229989390
201008097977
201002137360
201090277550
201068738812
201022000296
201006402647
201103662277
201015777752
201156333322
201097109612
201009675503
201033766679
201272228105
201284524015
201200988270
201064692010
201023040983
201224199419
201032291733
201550902580
201066494908
201000630506
201222254442
201063055529
201118673338
201050002512
201064230524
201069006000
201270001876
201001340004
201204112449
201124633033
201226272349
201000008154
201015857611
201000259200
201225466600
201117785526
201062238577
201008422857
201157730670
201224482597
201222458777
201111113443
201151947919
201090013589
201010018481
201156469169
201276785617
201000171408
201066184810
201022371964
201000884632
201553990018
201227733299
201094920597
201004180016
201288641068
201228080441
201013333310
201004515958
201010926580
201096522430
201014066093
201001795086
201289819030
201006117510
201555545461
201100380180
201063333048
201276458888
201060737172
201096686363
201000725127
201000106169
201221607055
201129320012
201200575185
201119444341
201023555658
201069192867
201200163682
201093301409
201020190006
201283399772
201278531828
201278531825
201204424045
201096754864
201012111156
201009190275
201006504598
201152220904
201096662425
201207960600
201128062228
201029939959
201126185611
201006316303
201288466132
201098381843
201003486144
201006739728
201009180757
201017712229
201092538865
201211242430
201272012000
201022228383
201205458888
201223213687
201018676702
201006666903
201006570330
201066061919
201003414673
201128767738
201090021354
201222218804
201221710333
201014362209
201007731802
201025005253
201111644480
201116669265
201066666915
201110968166
201211109228
201028227757
201005542649
201211341133
201147300267
201148871594
201023468269
201000003704
201000003704
201222249303
201273387333
201289547779
201010190210
201028888516
201003838120
201101430552
201223407124
201007565778
201000178040
201091091757
201001558644
201229187218
201226644603
201001772008
201552424949
201002513708
201118885512
201025401496
201030012931
201211223332
201141112232
201010000712
201118715783
201155559896
201279870361
201060887837
201007700839
201001385111
201018922201
201111342626
201001779236
201222822592
201010222122
201005882505
201066676930
201005506565
201022242950
201224255701
201223129378
201069020873
201016007773
201119875469
201011662347
201003344376
201111120937
201555531962
201066537677
201155263430
201018832338
201273638888
201116434242
201001797583
201222110416
201060556644
201005389213
201018181299
201111703992
201277671560
201004033809
201204033809
201000065503
201000551948
201272130893
201000656100
201096184087
201116663599
201060400084
201005454495
201008433637
201024907490
201015073403
201001307944
201009212182
201201771423
201221350616
201501464725
201027463512
201060904000
201229393539
201004887000
201007126475
201019665668
201205515120
201062772117
201223100048
201004875077
201001752809
201012345760
201288112269
201117782452
201062526227
201559008855
201227332202
201211708907
201012902088
201065542287
201000318499
201010013743
201155583339
201018774775
201050167226
201223659995
201224502250
201069200206
201000108923
201044409191
201000588010
201001878554
201002009475
201004026826
201069085232
201141888819
201112949555
201003029620
201063634475
201227307370
201271196993
201222118409
201272427773
201004584510
201021914509
201021369405
201277552338
201286686634
201063746386
201211511258
201010237643
201116866619
201009108526
201277899871
201006080470
201061727895
201027404229
201289999159
201289141989
201007685012
201009532304
201111114945
201012324238
201100679931
201032321371
201009168616
201000931519
201010108196
201069509444
201020115777
201097972975
201144992718
201121041313
201000931342
201273374994
201004300788
201010122508
201200056317
201143488062
201067329069
201062002177
201010056417
201281212025
201557700299
201000906790
201225844408
201000256745
201090030086
201220025060
201001227620
201000142023
201011383270
201114250188
201002112437
201050865510
201275755293
201001415684
201274871115
201001971249
201227211081
201220601520
201098999929
201027467195
201225225039
201201000717
201220713507
201283655288
201000408900
201227442414
201005606330
201010974136
201025366442
201222432160
201001971272
201001104060
201008007274
201026229900
201000588044
201000967666
201274871115
201005178621
201018417416
201119004902
201557375507
201006167293
201001930121
201005478558
201006994032
201281510347
201007273013
201066061919
201113611551
201228090644
201000749984
201202157702
201122508715
201080647999
201276665551
201285811125
201001455001
201223452059
201094811171
201027060459
201121221055
201000121635
201222104094
201030070606
201006630062
201006615470
201005394606
201202744442
201110607744
201004238429
201065529180
201008620260
201115707703
201222309944
201070005520
201017102286
201228306670
201015399167
201110888030
201010776797
201113884400
201007511110
201012222266
201028170506
201000372313
201025566321
201015370235
201002003730
201000147782
201067307023
201270448888
201221694945
201115881490
201103338969
201091604205
201007292383
201066666177
201068691867
201220561070
201122119992
201003331678
201009999298
201211727277
201112227162
201044479997
201067229965
201222931392
201002223085
201066022389
201014437311
201111142171
201027359901
201003600079
201000988824
201003057739
201020011045
201027346739
201064673024
201148691077
201101170888
201004545960
201200314773
201006117510
201204956567
201226132920
201223838318
201000069681
201116004446
201285971059
201005283177
201067414750
201067420979
201007274333
201008818031
201150408340
201090553880
201020739206
201228485831
201286070411
201285002840
201005017622
201022409399
201127776663
201003811643
201020679270
201022288298
201222153724
201001297297
201010113911
201003332439
201114716644
201095210023
201284438080
201151362201
201123556600
201032712118
201118653353
201221037665
201065544177
201002132009
201007254964
201288088681
201004735034
201030557030
201018113254
201111162637
201226474968
201009086060
201099964484
201009675906
201282222352
201003886773
201000487001
201154403601
201005505339
201157522028
201099927447
201016169136
201120473874
201092459901
201224649552
201279262764
201066621118
201060887836
201141427107
201222625858
201221719770
201012666505
201001041516
201010123881
201019918500
201284030301
201001667283
201015104090
201012225241
201001726135
201200266693
201275944850
201029509222
201007661241
201021335991
201125000837
201555556522
201002208553
201068246824
201220002372
201550340561
201098589028
201014779600
201117592068
201092584604
201151735353
201050048007
201004167510
201017444832
201000499345
201093009380
201150131333
201006830636
201066522239
201009622764
201152823219
201111660606
201553256300
201210222391
201151461352
201228732357
201128574758
201556855613
201069945209
201277728757
201273599196
201062343630
201000712605
201095667648
201222212206
201151879091
201022285951
201129333938
201556346224
201553560771
201005812911
201001001175
201113937772
201027307400
201004990734
201009032095
201006660370
201080021190
201080021191
201080021192
201223115488
201030872850
201008662217
201069813454
201004855548
201272727088
201223313214
201002565997
201228808054
201001457049
201000343757
201001140372
201116408855
201005780002
201114356733
201222346731
201064306661
201226371989
201000851633
201005004462
201011143311
201007710913
201004441609
201117338907
201062274319
201011625493
201000004071
201020003001
201003004840
201282822238
201018161870
201001646243
201000704625
201553512601
201067831001
201280020190
201119955998
201030207771
201222656754
201102647301
201094740824
201018000285
201111400500
201090084322
201028820726
201018899275
201222692792
201003935350
201004419454
201001040062
201018479444
201155075554
201122017000
201224027017
201012710045
201092809066
201008094511
201010414528
201001635716
201116667650
201156241212
201090119980
201014000037
201060001111
201001083578
201000700146
201061393551
201222130214
201093332222
201008098655
201090040038
201029506161
201062613963
201068022977
201092131781
201050552419
201001658898
201212992010
201092891689
201014132058
201063210507
201002290007
201111100783
201000932566
201005756019
201229191537
201000985482
201098181992
201004446645
201280018811
201110906475
201007898189
201006627178
201096686363
201154453359
201030050079
201128531113
201066006152
201060005792
201021276388
201024068757
201012080255
201225664666
201095380444
201283189188
201200073474
201551246710
201284010006
201098641011
201111070776
201123327770
201006001590
201270448888
201028820706
201096693751
201555328746
201273086793
201003731356
201008283114
201149828282
201062227890
201149890970
201063424886
201111171723
201001190723
201017267267
201222195101
201282114041
201110555189
201014132058
201152599924
201281111566
201009776360
201098600028
201000051101
201112862954
201159887753
201276163044
201014921010
201025403322
201003627449
201018311184
201003617777
201002630423
201007135895
201118733348
201158850225
201069869468
201280108778
201030373774
201555559889
201023842378
201002330099
201272456568
201100013031
201006478374
201158042013
201050655561
201003737991
201008392942
201200004451
201200764470
201061070352
201018283539
201150039696
201025925685
201003089742
201221034010
201147071549
201060138042
201004004758
201003636666
201282227555
201274255006
201287453390
201011555541
201000012003
201000037816
201143630011
201066811119
201000968608
201110058287
201004876636
201001184111
201558607711
201151280055
201004141141
201008448807
201277806619
201206496482
201004035205
201005130404
201558545359
201210364688
201270679574
201228942700
201010234885
201009212554
201255302574
201555695709
201200828401
201093966622
201208070644
201153970794
201270676779
201033000335
201090294647
201021892727
201050458880
201285817772
201005367975
201281172007
201093211012
201110076661
201070772898
201156669433
201221529640
201223721740
201092746633
201068801796
201094800088
201229503026
201009543837
201210881404
201004576027
201064618229
201000906851
201005165422
201201925556
201225631343
201223121207
201018091977
201142327313
201550569609
201124592297