01062283456
01229751425
01115292555
01004033809
01282383783
01222302772
01222334202
01222334262
01008201453
01015673289
01005810664
01102226668
01064888500
01067580075
01211154960
01024731611
01016966669
01095239110
01008345689
01099985339
01007890011
01000019647
01000007129
01090016879
01019259558
01032110011
01220001599
01001200427
01000279859
01144169639
01070680971
01062996774
01118000456
01008004050
01019428054
01000064412
01013701105
01000106604
01003367897
01009936644
01066418877
01093482844
01014441433
01119001021
01007526190
01014242475
01120158252
01279510101
01201011125
01285300315
01066744447
01009328937
01221923474
01061701446
01006812544
01023925171
01008611118
01060219708
01003422105
01005009664
01006902563
01207333192
01016662216
01222245424
01200063117
01554850137
01010529529
01223223848
01095399358
01127380086
01116662128
01000147600
01223381402
01097773336
01007212566
01090524281
01062428500
01030006123
01129388813
01002887071
01015870706
01113985555
01005723627
01003258851
01097737737
01005649783
01005003161
01005003161
01022155129
01112265466
01006530347
01005407999
01027479912
01008644202
01276555712
01114774775
01110129000
01095553665
01273759944
01006146047
01222136259
01272207799
01006718384
01063335590
01004476464
01095995661
01002500388
01027731588
01017188807
01000847150
01090904075
01006873571
01283643323
01006123111
01280124362
01225696444
01020004571
01011817582
01554263166
01030780904
01118420631
01004061246
01011884441
01018237520
01007221169
01228050803
01200017788
01090011880
01000005960
01063662412
01274261549
01212193540
01015930831
01061430034
01005666991
01228648258
01201175399
01225300800
01090154441
01033808029
01117505000
01066601119
01202002484
01030501065
01001787902
01119394444
01227020341
01001839943
01092814610
01147711151
01122022033
01200038413
01062513926
01011531331
01122700117
01115999063
01125188711
01222422994
01063029287
01005478558
01206661820
01271197989
01001930121
01012161557
01150000711
01005625450
01002726222
01118012038
01023987430
01551964833
01029701602
01140987772
01012707666
01224620071
01064333533
01027307400
01008078586
01005770079
01222174104
01008196198
01201600200
01099809610
01099990215
01065857104
01019940073
01114356196
01012214133
01001173775
01221019104
01223436796
01001698801
01277088899
01006254444
01003495356
01024527436
01065670173
01000753381
01003007616
01020334866
01011195206
01027289851
01210609092
01020777728
01019188278
01100460406
01223405486
01275744411
01005845808
01272665252
01006666517
01063080111
01002008291
01277768882
01115554733
01119006789
01065358716
01110126400
01110126404
01061337998
01007350313
01002209820
01065216720
01093505034
01009518888
01066061919
01010319937
01027952714
01094405740
01221775007
01010034092
01220053500
01005672221
01276547353
01061062592
01063137857
01033351203
01019442649
01155000705
01021998622
01009842303
01212110885
01000555516
01003229925
01008327565
01200004122
01050044060
01023135858
01065541270
01000496256
01050644441
01274971199
01211062566
01066917758
01554988880
01222214404
01060537794
01154652267
01005003173
01015050510
01030404693
01001489574
01026252772
01000088734
01000318736
01220438308
01128461125
01126667222
01147774111
01090805858
01060150680
01115055385
01000035598
01065082692
01096629162
01023943336
01117163930
01007454568
01009252678
01001790571
01005440401
01019428484
01092971734
01099250288
01111129099
01009529561
01004383043
01010764338
01281559999
01090903893
01013010138
01061615166
01066534445
01000615708
01030483481
01030483481
01222279007
01270601601
01002225556
01229238975
01558744028
01118880111
01115699128
01063435435
01150155744
01000845773
01223602015
01141392941
01090006441
01224416955
01007742522
01030701019
01008486261
01119062350
01223148141
01207756604
01203900005
01225228599
01225228599
01283345786
01061989393
01113355690
01017188807
01004246662
01282801080
01000872850
01208111211
01006662623
01150818164
01010365212
01551036262
01066777357
01221616765
01006105476
01112666095
01007640713
01150723738
01033557099
01117642171
01010987718
01146794232
01093482844
01113152228
01111157506
01111586122
01090885524
01122461038
01120511757
01012249882
01111124624
01009440256
01002674495
01147144925
01006244343
01227942735
01212288856
01278763340
01117072277
01001036800
01223803507
01007892788
01033876473
01117505579
01111177751
01012203366
01001559949
01097778916
01067799533
01225638441
01006538446
01111428800
01204010451
01111428800
01227900533
01033330113
01228223205
01271227787
01220019170
01211210664
01202655638
01226333260
01222130973
01000650965
01208542019
01229989390
01008097977
01002137360
01090277550
01068738812
01022000296
01006402647
01103662277
01015777752
01156333322
01097109612
01009675503
01033766679
01272228105
01284524015
01200988270
01064692010
01023040983
01224199419
01032291733
01550902580
01066494908
01000630506
01222254442
01063055529
01118673338
01050002512
01064230524
01069006000
01270001876
01001340004
01204112449
01124633033
01226272349
01000008154
01015857611
01000259200
01225466600
01117785526
01062238577
01008422857
01157730670
01224482597
01222458777
01111113443
01151947919
01090013589
01010018481
01156469169
01276785617
01000171408
01066184810
01022371964
01000884632
01553990018
01227733299
01094920597
01004180016
01288641068
01228080441
01013333310
01004515958
01010926580
01096522430
01014066093
01001795086
01289819030
01006117510
01555545461
01100380180
01063333048
01276458888
01060737172
01096686363
01000725127
01000106169
01221607055
01129320012
01200575185
01119444341
01023555658
01069192867
01200163682
01093301409
01020190006
01283399772
01278531828
01278531825
01204424045
01096754864
01012111156
01009190275
01006504598
01152220904
01096662425
01207960600
01128062228
01029939959
01126185611
01006316303
01288466132
01098381843
01003486144
01006739728
01009180757
01017712229
01092538865
01211242430
01272012000
01022228383
01205458888
01223213687
01018676702
01006666903
01006570330
01066061919
01003414673
01128767738
01090021354
01222218804
01221710333
01014362209
01007731802
01025005253
01111644480
01116669265
01066666915
01110968166
01211109228
01028227757
01005542649
01211341133
01147300267
01148871594
01023468269
01000003704
01000003704
01222249303
01273387333
01289547779
01010190210
01028888516
01003838120
01101430552
01223407124
01007565778
01000178040
01091091757
01001558644
01229187218
01226644603
01001772008
01552424949
01002513708
01118885512
01025401496
01030012931
01211223332
01141112232
01010000712
01118715783
01155559896
01279870361
01060887837
01007700839
01001385111
01018922201
01111342626
01001779236
01222822592
01010222122
01005882505
01066676930
01005506565
01022242950
01224255701
01223129378
01069020873
01016007773
01119875469
01011662347
01003344376
01111120937
01555531962
01066537677
01155263430
01018832338
01273638888
01116434242
01001797583
01222110416
01060556644
01005389213
01018181299
01111703992
01277671560
01004033809
01204033809
01000065503
01000551948
01272130893
01000656100
01096184087
01116663599
01060400084
01005454495
01008433637
01024907490
01015073403
01001307944
01009212182
01201771423
01221350616
01501464725
01027463512
01060904000
01229393539
01004887000
01007126475
01019665668
01205515120
01062772117
01223100048
01004875077
01001752809
01012345760
01288112269
01117782452
01062526227
01559008855
01227332202
01211708907
01012902088
01065542287
01000318499
01010013743
01155583339
01018774775
01050167226
01223659995
01224502250
01069200206
01000108923
01044409191
01000588010
01001878554
01002009475
01004026826
01069085232
01141888819
01112949555
01003029620
01063634475
01227307370
01271196993
01222118409
01272427773
01004584510
01021914509
01021369405
01277552338
01286686634
01063746386
01211511258
01010237643
01116866619
01009108526
01277899871
01006080470
01061727895
01027404229
01289999159
01289141989
01007685012
01009532304
01111114945
01012324238
01100679931
01032321371
01009168616
01000931519
01010108196
01069509444
01020115777
01097972975
01144992718
01121041313
01000931342
01273374994
01004300788
01010122508
01200056317
01143488062
01067329069
01062002177
01010056417
01281212025
01557700299
01000906790
01225844408
01000256745
01090030086
01220025060
01001227620
01000142023
01011383270
01114250188
01002112437
01050865510
01275755293
01001415684
01274871115
01001971249
01227211081
01220601520
01098999929
01027467195
01225225039
01201000717
01220713507
01283655288
01000408900
01227442414
01005606330
01010974136
01025366442
01222432160
01001971272
01001104060
01008007274
01026229900
01000588044
01000967666
01274871115
01005178621
01018417416
01119004902
01557375507
01006167293
01001930121
01005478558
01006994032
01281510347
01007273013
01066061919
01113611551
01228090644
01000749984
01202157702
01122508715
01080647999
01276665551
01285811125
01001455001
01223452059
01094811171
01027060459
01121221055
01000121635
01222104094
01030070606
01006630062
01006615470
01005394606
01202744442
01110607744
01004238429
01065529180
01008620260
01115707703
01222309944
01070005520
01017102286
01228306670
01015399167
01110888030
01010776797
01113884400
01007511110
01012222266
01028170506
01000372313
01025566321
01015370235
01002003730
01000147782
01067307023
01270448888
01221694945
01115881490
01103338969
01091604205
01007292383
01066666177
01068691867
01220561070
01122119992
01003331678
01009999298
01211727277
01112227162
01044479997
01067229965
01222931392
01002223085
01066022389
01014437311
01111142171
01027359901
01003600079
01000988824
01003057739
01020011045
01027346739
01064673024
01148691077
01101170888
01004545960
01200314773
01006117510
01204956567
01226132920
01223838318
01000069681
01116004446
01285971059
01005283177
01067414750
01067420979
01007274333
01008818031
01150408340
01090553880
01020739206
01228485831
01286070411
01285002840
01005017622
01022409399
01127776663
01003811643
01020679270
01022288298
01222153724
01001297297
01010113911
01003332439
01114716644
01095210023
01284438080
01151362201
01123556600
01032712118
01118653353
01221037665
01065544177
01002132009
01007254964
01288088681
01004735034
01030557030
01018113254
01111162637
01226474968
01009086060
01099964484
01009675906
01282222352
01003886773
01000487001
01154403601
01005505339
01157522028
01099927447
01016169136
01120473874
01092459901
01224649552
01279262764
01066621118
01060887836
01141427107
01222625858
01221719770
01012666505
01001041516
01010123881
01019918500
01284030301
01001667283
01015104090
01012225241
01001726135
01200266693
01275944850
01029509222
01007661241
01021335991
01125000837
01555556522
01002208553
01068246824
01220002372
01550340561
01098589028
01014779600
01117592068
01092584604
01151735353
01050048007
01004167510
01017444832
01000499345
01093009380
01150131333
01006830636
01066522239
01009622764
01152823219
01111660606
01553256300
01210222391
01151461352
01228732357
01128574758
01556855613
01069945209
01277728757
01273599196
01062343630
01000712605
01095667648
01222212206
01151879091
01022285951
01129333938
01556346224
01553560771
01005812911
01001001175
01113937772
01027307400
01004990734
01009032095
01006660370
01080021190
01080021191
01080021192
01223115488
01030872850
01008662217
01069813454
01004855548
01272727088
01223313214
01002565997
01228808054
01001457049
01000343757
01001140372
01116408855
01005780002
01114356733
01222346731
01064306661
01226371989
01000851633
01005004462
01011143311
01007710913
01004441609
01117338907
01062274319
01011625493
01000004071
01020003001
01003004840
01282822238
01018161870
01001646243
01000704625
01553512601
01067831001
01280020190
01119955998
01030207771
01222656754
01102647301
01094740824
01018000285
01111400500
01090084322
01028820726
01018899275
01222692792
01003935350
01004419454
01001040062
01018479444
01155075554
01122017000
01224027017
01012710045
01092809066
01008094511
01010414528
01001635716
01116667650
01156241212
01090119980
01014000037
01060001111
01001083578
01000700146
01061393551
01222130214
01093332222
01008098655
01090040038
01029506161
01062613963
01068022977
01092131781
01050552419
01001658898
01212992010
01092891689
01014132058
01063210507
01002290007
01111100783
01000932566
01005756019
01229191537
01000985482
01098181992
01004446645
01280018811
01110906475
01007898189
01006627178
01096686363
01154453359
01030050079
01128531113
01066006152
01060005792
01021276388
01024068757
01012080255
01225664666
01095380444
01283189188
01200073474
01551246710
01284010006
01098641011
01111070776
01123327770
01006001590
01270448888
01028820706
01096693751
01555328746
01273086793
01003731356
01008283114
01149828282
01062227890
01149890970
01063424886
01111171723
01001190723
01017267267
01222195101
01282114041
01110555189
01014132058
01152599924
01281111566
01009776360
01098600028
01000051101
01112862954
01159887753
01276163044
01014921010
01025403322
01003627449
01018311184
01003617777
01002630423
01007135895
01118733348
01158850225
01069869468
01280108778
01030373774
01555559889
01023842378
01002330099
01272456568
01100013031
01006478374
01158042013
01050655561
01003737991
01008392942
01200004451
01200764470
01061070352
01018283539
01150039696
01025925685
01003089742
01221034010
01147071549
01060138042
01004004758
01003636666
01282227555
01274255006
01287453390
01011555541
01000012003
01000037816
01143630011
01066811119
01000968608
01110058287
01004876636
01001184111
01558607711
01151280055
01004141141
01008448807
01277806619
01206496482
01004035205
01005130404
01558545359
01210364688
01270679574
01228942700
01010234885
01009212554
01255302574
01555695709
01200828401
01093966622
01208070644
01153970794
01270676779
01033000335
01090294647
01021892727
01050458880
01285817772
01005367975
01281172007
01093211012
01110076661
01070772898
01156669433
01221529640
01223721740
01092746633
01068801796
01094800088
01229503026
01009543837
01210881404
01004576027
01064618229
01000906851
01005165422
01201925556
01225631343
01223121207
01018091977
01142327313
01550569609
01124592297
